ID	NQO1	HO1	GCLC	NRF2	TNFalpha	IL10	IFNg	IL4	IL17	JAM-A	Occludin	ZO1	Cingulin	Organ	Condition	Match
CT_JEJ_1	7.641353	0.7889622	4.180363	14.37139	2.570107	4.982356	6.259308	1.587771	5.704609	7.162325	7.848017	6.860569	6.195961	Jejunum	Control	CT_JEJ
CT_JEJ_2	3.240751	2.214572	2.818892	9.670753	7.11729	4.063797	2.883864	3.882546	0.7035028	4.788016	5.10117	6.975652	5.660102	Jejunum	Control	CT_JEJ
CT_JEJ_3	3.65489	1.541706	3.466856	15.29648	1.219532	1.30661	2.319	0.01757908	1.483113	7.944344	8.735124	7.924545	8.054685	Jejunum	Control	CT_JEJ
CT_JEJ_4	3.890156	2.660188	3.302659	9.432421	8.138867	6.180948	2.662909	4.475358	6.593882	5.181709	4.355469	4.123382	4.589472	Jejunum	Control	CT_JEJ
CT_JEJ_5	4.286583	1.520481	4.894387	20.85221	0.6042963	3.082985	22.30821	0.07853628	0.1034588	11.84272	13.94647	9.906175	8.890891	Jejunum	Control	CT_JEJ
CT_JEJ_6	3.424345	0.5787564	5.52942	13.86262	0.1331227	0.1843895	4.679982	0.06747529	0.08888773	6.187807	6.884387	7.161829	6.587943	Jejunum	Control	CT_JEJ
CT_JEJ_7	3.604572	0.8052608	4.614352	13.82903	0.9433258	1.604727	3.538169	2.013218	4.092913	6.452813	6.459077	4.408623	4.283613	Jejunum	Control	CT_JEJ
CT_JEJ_8	3.185077	2.195467	6.885818	10.41166	0.8921314	6.390054	5.938107	0.04509162	2.921336	6.659566	6.074763	5.129535	4.807637	Jejunum	Control	CT_JEJ
CT_JEJ_9	3.413681	4.058729	4.373014	4.673904	9.096604	5.279232	25.88426	0.01558717	55.35448	5.31632	4.364535	4.966839	3.773303	Jejunum	Control	CT_JEJ
CT_JEJ_10	5.117106	1.98416	5.040714	20.47268	2.109393	1.639014	1.544889	0.007715648	2.774308	7.703041	7.820865	5.699471	7.060782	Jejunum	Control	CT_JEJ
CT_JEJ_11	3.806139	0.4900593	1.365688	9.870534	1.038375	1.955216	1.766634	0.9763722	2.018982	3.385639	3.357362	2.061691	3.921289	Jejunum	Control	CT_JEJ
CT_JEJ_12	6.121258	2.294259	6.229551	29.47925	1.027991	1.058358	3.282974	0.01211135	1.558468	11.9127	9.515821	5.865801	12.34049	Jejunum	Control	CT_JEJ
ST_JEJ_1	4.007849	2.63176	4.55398	10.06049	2.587086	2.297919	2.030736	0.8391514	1.284875	8.267368	8.534627	11.73974	18.54975	Jejunum	WAS	WAS_JEJ
ST_JEJ_2	4.799314	2.687059	4.36393	8.337577	2.9329	2.661663	1.174057	1.483498	1.83163	9.122493	9.505932	10.71328	17.09886	Jejunum	WAS	WAS_JEJ
ST_JEJ_3	4.857884	2.329513	4.561879	12.04304	1.341947	3.19392	5.015881	0.008792585	0.2977406	7.027093	9.090302	7.98243	11.36738	Jejunum	WAS	WAS_JEJ
ST_JEJ_4	2.197447	9.138947	3.820147	2.818892	14.65507	12.93159	2.119175	5.322128	1.459656	4.248425	3.341111	2.994527	4.810971	Jejunum	WAS	WAS_JEJ
ST_JEJ_5	3.457737	5.606219	2.822802	7.364707	7.796508	5.36965	5.613899	3.165653	7.527277	7.053934	6.777852	3.403049	6.556056	Jejunum	WAS	WAS_JEJ
ST_JEJ_6	5.572513	2.180302	5.718466	14.23261	1.636176	3.18287	1.681214	0.01185799	0.648028	12.47898	12.64792	8.324295	15.96486	Jejunum	WAS	WAS_JEJ
ST_JEJ_7	5.271919	2.908002	4.931847	16.49696	1.114833	4.800977	2.205343	0.02283678	3.497025	12.85206	12.47812	11.59016	23.72487	Jejunum	WAS	WAS_JEJ
ST_JEJ_8	2.595168	3.905556	3.87616	8.914341	8.0296	6.492743	3.789488	3.825115	3.993429	7.174747	6.696133	7.599098	8.158637	Jejunum	WAS	WAS_JEJ
ST_JEJ_9	3.6372	5.637393	6.275055	12.00138	8.390915	12.09491	0.8993803	1.714162	3.087904	9.275519	10.65034	7.486691	13.53223	Jejunum	WAS	WAS_JEJ
ST_JEJ_10	5.099402	3.447446	5.236592	12.09323	5.537858	4.363023	1.15629	1.62282	1.073728	8.597565	7.880723	5.221007	4.457788	Jejunum	WAS	WAS_JEJ
ST_JEJ_11	4.240776	0.8793614	4.35034	10.99007	0.650368	0.2546042	1.218835	0.007151706	1.681359	6.287245	8.64777	6.159564	6.686856	Jejunum	WAS	WAS_JEJ
ST_JEJ_12	3.896903	1.113057	3.6977	8.413045	0.8297957	2.201258	0.02982163	2.120645	1.469808	4.298782	3.563582	3.201678	4.240776	Jejunum	WAS	WAS_JEJ
CT_IL_1	6.37678	2.535074	2.829659	5.604665	7.154387	9.036901	6.267991	0.7381588	14.99207	5.654612	4.622996	13.19874	4.664842	Ileum	Control	CT_IL
CT_IL_2	4.243716	3.523546	2.34344	4.235781	7.93004	6.064245	11.56748	0.6858681	9.690883	4.819649	3.929452	12.72266	4.002296	Ileum	Control	CT_IL
CT_IL_3	2.058121	5.285457	3.101848	2.723814	16.78765	4.987539	17.40588	10.27811	34.91144	3.667833	3.585882	5.106476	3.130359	Ileum	Control	CT_IL
CT_IL_4	2.195163	5.248947	3.076155	3.008675	13.51349	7.494479	11.80236	5.907317	42.74335	3.345978	2.148498	3.23514	1.693289	Ileum	Control	CT_IL
CT_IL_5	2.82907	4.794991	4.486617	8.056359	25.64007	4.457788	13.54326	5.813887	22.0488	7.417475	5.634658	8.478612	5.088809	Ileum	Control	CT_IL
CT_IL_6	4.37059	6.413127	2.920323	6.244682	13.24915	12.48244	25.93814	4.647655	47.82285	4.650636	4.682659	4.249603	2.913651	Ileum	Control	CT_IL
CT_IL_7	4.49658	3.962822	4.174572	5.996531	12.9675	11.39499	28.88008	2.009732	32.35974	8.505689	6.401136	8.136047	5.011797	Ileum	Control	CT_IL
CT_IL_8	6.522062	8.139997	6.154442	9.007508	12.7934	10.36989	14.6721	1.391849	25.50358	9.189129	6.465796	15.26153	5.980757	Ileum	Control	CT_IL
CT_IL_9	3.973274	2.041356	3.845385	24.08609	3.007007	3.592101	10.33526	0.06794462	6.507611	7.469067	5.530186	4.618192	5.900463	Ileum	Control	CT_IL
CT_IL_10	3.073384	3.618842	2.055698	3.310681	10.75047	5.725208	20.93004	1.160304	40.45169	3.618591	2.716649	4.802641	2.665356	Ileum	Control	CT_IL
CT_IL_11	1.852955	4.328983	2.306377	2.676093	13.35519	7.869806	11.74523	4.188702	24.789	3.626124	2.888515	4.173704	2.766052	Ileum	Control	CT_IL
CT_IL_12	2.682965	3.457018	2.117157	3.196799	9.049438	13.77355	30.16917	1.343506	56.1272	4.102286	2.92478	3.091545	3.165269	Ileum	Control	CT_IL
ST_IL_1	5.739114	8.199455	4.017027	2.327253	13.60277	11.40685	8.239193	1.892119	15.44029	5.67621	7.07548	12.87792	14.9371	Ileum	WAS	WAS_IL
ST_IL_2	4.75791	6.484647	3.515252	3.046448	6.908288	5.681721	8.426907	2.216838	14.03666	6.200687	6.168108	8.698871	8.884731	Ileum	WAS	WAS_IL
ST_IL_3	3.149948	5.909467	2.280939	2.769505	8.181289	7.437553	9.259942	0.7335683	16.12389	3.962547	3.762856	5.111788	2.993489	Ileum	WAS	WAS_IL
ST_IL_4	5.18674	7.922897	3.278709	2.073586	11.25371	12.56491	17.03586	1.07587	28.96278	8.16203	6.280277	5.753054	6.304265	Ileum	WAS	WAS_IL
ST_IL_5	4.127671	3.669359	2.292828	2.585831	12.85117	3.742048	47.38975	0.01229319	24.97873	4.410457	4.313408	6.425586	5.767028	Ileum	WAS	WAS_IL
ST_IL_6	3.78378	6.995989	3.714397	4.740792	13.1212	14.92158	29.37472	3.356606	40.228	7.328043	6.691493	9.323218	9.178944	Ileum	WAS	WAS_IL
ST_IL_7	4.728322	6.906851	3.381417	7.405659	13.63581	19.40462	46.18982	1.618888	66.77	8.159203	7.729248	10.46375	11.99888	Ileum	WAS	WAS_IL
ST_IL_8	3.723936	3.675723	3.477687	5.722431	2.200495	7.169279	6.027263	1.044638	12.62865	5.07859	5.815197	6.829728	6.127625	Ileum	WAS	WAS_IL
ST_IL_9	2.383081	7.03733	2.321614	3.497025	16.1429	13.31359	17.97604	3.355443	19.58433	5.779434	4.548302	6.383413	5.455941	Ileum	WAS	WAS_IL
ST_IL_10	3.132529	1.230315	1.836079	2.84638	2.699754	2.646028	6.529638	0.01689808	8.036839	3.586131	3.630902	3.782469	2.689481	Ileum	WAS	WAS_IL
ST_IL_11	3.88073	3.798759	3.986515	5.385678	11.95737	7.014441	12.151	0.832489	8.837438	5.334777	6.953928	6.901108	7.119758	Ileum	WAS	WAS_IL
ST_IL_12	6.219627	3.869181	5.481718	4.318793	6.365739	8.857061	11.80236	0.007141798	14.46133	6.081504	7.93004	8.97759	10.37708	Ileum	WAS	WAS_IL
CT_CP_1	3.149948	2.143589	2.940636	3.354571	1.052871	2.859629	0.007437343	0.007437343	0.009797491	1.568003	1.799166	6.592511	1.57552	Prox. Colon	Control	CT_CP
CT_CP_2	7.638705	4.45223	4.595201	4.109971	2.080353	1.596407	0.4415054	0.2631584	0.6154135	2.008235	1.619814	2.276517	1.346606	Prox. Colon	Control	CT_CP
CT_CP_3	9.233183	3.738678	5.57947	4.734224	1.8978	1.541493	0.8594604	0.00208607	0.002748058	2.089167	2.079632	3.197242	1.631081	Prox. Colon	Control	CT_CP
CT_CP_4	7.764151	4.833365	8.265649	7.042697	5.472986	3.021632	1.077735	0.004917031	0.006477389	2.975079	2.500693	2.752663	1.803536	Prox. Colon	Control	CT_CP
CT_CP_5	5.642475	3.853123	4.44021	10.17621	3.620849	2.796899	0.2686879	0.4987895	0.2895989	2.941247	2.584398	4.97373	3.171858	Prox. Colon	Control	CT_CP
CT_CP_6	5.976613	2.678691	8.462759	7.349408	1.543096	5.691576	1.278102	0.01184156	0.01559933	2.772963	2.761263	5.262791	1.783644	Prox. Colon	Control	CT_CP
CT_CP_7	4.367562	3.786928	7.582261	6.275055	1.826179	3.255385	0.440741	0.05847659	0.3760843	3.168781	2.524203	4.779395	2.073155	Prox. Colon	Control	CT_CP
CT_CP_8	2.804664	1.261402	5.425019	4.218202	2.328382	2.598768	0.01385935	0.01385935	1.108515	2.682221	2.080353	4.237837	2.579029	Prox. Colon	Control	CT_CP
CT_CP_9	7.409253	2.797287	4.12281	8.834375	1.905049	4.676172	1.721902	0.540926	0.7495664	2.799032	2.158199	2.480839	1.543096	Prox. Colon	Control	CT_CP
CT_CP_10	2.423057	2.246265	3.799022	3.73117	2.320327	4.337393	0.4468935	0.007850515	1.035716	1.680544	1.814193	3.190601	1.527665	Prox. Colon	Control	CT_CP
CT_CP_11	12.6523	6.639286	9.475014	8.616656	3.024776	1.716926	0.5779446	0.2259387	0.02882827	3.669105	2.975904	2.133657	2.46712	Prox. Colon	Control	CT_CP
CT_CP_12	2.410493	2.875929	2.376977	2.993074	7.737288	3.93354	8.577178	0.2895738	1.177011	2.23989	1.727072	2.443295	1.977706	Prox. Colon	Control	CT_CP
ST_CP_1	7.523104	6.704028	6.685929	6.000689	2.221183	3.257642	1.206228	0.004893231	0.006446037	3.160008	3.414864	5.259144	3.823326	Prox. Colon	WAS	WAS_CP
ST_CP_2	4.481023	4.816643	7.17077	4.229913	4.296995	1.032633	0.4351254	0.9346532	0.008258687	4.594564	5.455941	18.08007	10.34117	Prox. Colon	WAS	WAS_CP
ST_CP_3	2.831032	3.75556	4.324784	2.682593	5.791063	2.631396	0.590907	0.6377236	0.007900327	3.550268	3.646034	7.097584	5.673851	Prox. Colon	WAS	WAS_CP
ST_CP_4	4.425462	2.551823	3.574219	1.809546	2.431469	0.8566799	0.2184694	0.4885246	0.311462	2.591753	2.590675	3.92809	3.345746	Prox. Colon	WAS	WAS_CP
ST_CP_5	2.864589	3.888	4.170233	3.123423	8.318527	1.822385	0.1168317	0.002272511	0.1801322	2.858836	2.494634	3.457737	2.942063	Prox. Colon	WAS	WAS_CP
ST_CP_6	2.23044	2.639067	3.399042	2.734218	3.165269	0.9175305	0.3729368	0.005226291	0.006884789	2.012415	2.426418	4.992727	4.959959	Prox. Colon	WAS	WAS_CP
ST_CP_7	2.952277	1.78451	3.788504	4.277086	4.488795	1.478186	6.669151	0.4387597	8.785522	2.314063	2.876527	4.246658	3.366683	Prox. Colon	WAS	WAS_CP
ST_CP_8	3.926729	4.463044	5.318901	4.011462	1.627128	3.620849	0.3730661	0.004582984	0.006037337	3.557659	4.086393	6.043264	5.609329	Prox. Colon	WAS	WAS_CP
ST_CP_9	2.995565	3.031492	5.28216	5.344771	4.984083	0.1274787	0.01079871	0.01079871	1.179053	3.435281	4.385764	8.091057	5.78705	Prox. Colon	WAS	WAS_CP
ST_CP_10	2.418861	1.890841	2.917289	3.353408	4.694033	1.079848	0.6654965	1.221372	0.02054781	2.302862	2.496364	4.402515	4.042725	Prox. Colon	WAS	WAS_CP
ST_CP_11	3.461334	3.416521	4.853845	6.478357	2.144034	3.421972	0.1548028	0.003735464	0.004920867	3.387986	4.137697	4.048333	4.394893	Prox. Colon	WAS	WAS_CP
ST_CP_12	3.689251	3.688484	5.678965	5.608551	5.197537	3.925369	0.77298	0.0116341	0.4563233	5.739512	6.441194	9.878747	6.057943	Dist. Colon	WAS	WAS_CP
CT_CD_1	4.41168	4.514381	3.278709	3.559385	0.8522379	2.596068	0.2196842	0.001503461	0.001115672	2.584577	2.581712	5.821247	1.973598	Dist. Colon	Control	CT_CD
CT_CD_2	3.370186	2.781818	3.195691	3.754519	2.211964	3.703343	0.8139449	0.1422503	0.2922203	2.314063	2.755527	6.613106	2.486003	Dist. Colon	Control	CT_CD
CT_CD_3	2.074593	1.991738	2.145967	2.357288	1.679263	1.966088	0.3143629	1.500562	0.7267989	1.705776	1.557604	2.799809	1.144984	Dist. Colon	Control	CT_CD
CT_CD_4	2.306696	2.725513	2.040791	2.427764	1.163788	1.950479	0.7735161	0.1781301	0.002565807	2.544581	2.017863	2.950231	1.48229	Dist. Colon	Control	CT_CD
CT_CD_5	4.761209	3.136223	3.19237	4.986847	2.615031	4.562511	0.4059863	0.006256203	1.674962	2.849933	2.680177	4.75956	1.804161	Dist. Colon	Control	CT_CD
CT_CD_6	5.995284	4.131106	3.965844	6.854864	2.349458	3.704627	0.6149338	0.004208445	0.005543943	5.515257	4.286583	5.721241	2.195163	Dist. Colon	Control	CT_CD
CT_CD_7	2.303501	3.537005	3.090045	3.66453	2.34783	4.534137	0.643273	0.316769	0.9481111	3.78011	2.959448	6.817903	3.761552	Dist. Colon	Control	CT_CD
CT_CD_8	2.160444	4.515945	3.306095	4.392761	1.404764	2.705374	0.1762876	0.04817749	0.001379277	5.505708	5.154484	5.7054	5.140213	Dist. Colon	Control	CT_CD
CT_CD_9	2.066699	3.909619	1.655341	2.821824	6.219627	5.078238	8.097649	0.1776985	1.446562	3.216358	2.377307	7.47891	2.749803	Dist. Colon	Control	CT_CD
CT_CD_10	1.962684	2.778927	1.479006	2.553769	1.173915	1.563553	0.6932766	0.09040229	0.05771652	1.670671	1.536692	4.512191	1.747543	Dist. Colon	Control	CT_CD
CT_CD_11	2.714767	2.726458	2.947778	3.054906	1.545237	2.674609	1.025625	0.06419048	0.1570317	2.971987	2.239735	3.263292	2.288382	Dist. Colon	Control	CT_CD
CT_CD_12	1.915642	3.896093	2.08584	2.563524	8.937232	6.37457	38.2133	0.4086685	0.7288168	2.892723	2.093371	4.482576	3.030022	Dist. Colon	Control	CT_CD
ST_CD_1	1.762139	4.071409	2.50642	2.451438	1.283718	1.970864	0.1981965	0.002744013	0.06525029	2.328544	3.008049	4.86631	2.621383	Dist. Colon	WAS	WAS_CD
ST_CD_2	1.850388	4.887268	2.259695	1.691295	1.925627	2.224264	0.3204127	0.001863206	0.002454471	2.487037	2.72608	5.078238	2.585294	Dist. Colon	WAS	WAS_CD
ST_CD_3	2.731755	4.439903	3.597833	3.296941	1.931643	2.458585	0.3492914	0.3618599	0.09056693	3.459175	4.397941	6.901108	3.247497	Dist. Colon	WAS	WAS_CD
ST_CD_4	4.143437	5.396515	3.943914	4.342808	2.718533	3.571	0.3855535	0.4342215	0.1717198	4.198658	3.265555	4.997921	5.122429	Dist. Colon	WAS	WAS_CD
ST_CD_5	3.718777	5.404002	3.115855	4.557138	2.555008	3.115207	0.732552	1.16959	0.003809	3.965295	4.131965	6.392269	5.99113	Dist. Colon	WAS	WAS_CD
ST_CD_6	3.026873	4.998614	2.706875	3.191264	1.956572	3.024776	0.3193041	0.002746868	0.2292714	3.45199	4.579938	4.460879	3.489035	Dist. Colon	WAS	WAS_CD
ST_CD_7	2.672756	4.553665	3.877504	4.942113	20.73258	14.70085	22.25416	0.3321722	0.7293221	5.441212	4.970284	9.388066	6.956338	Dist. Colon	WAS	WAS_CD
ST_CD_8	3.849919	4.934925	5.045958	6.069712	4.457788	7.292068	0.3136012	0.2983346	0.1345886	4.246953	5.827302	7.029042	6.121258	Dist. Colon	WAS	WAS_CD
ST_CD_9	2.858638	4.167055	3.737641	4.896083	1.350813	4.736522	0.2895738	0.247329	0.1246218	2.953505	3.005965	6.341517	5.609329	Dist. Colon	WAS	WAS_CD
ST_CD_10	2.702563	4.174282	4.023994	5.123494	3.107659	4.507502	0.9629302	0.2896742	0.1519984	3.879654	3.585882	4.900157	5.673851	Dist. Colon	WAS	WAS_CD
ST_CD_11	2.141806	3.861143	3.381417	4.090077	3.069126	7.567559	0.8675405	0.3994268	0.4439989	2.868762	2.802721	4.55619	5.867834	Dist. Colon	WAS	WAS_CD
ST_CD_12	3.118448	4.860242	4.023994	3.710537	3.571	3.153225	0.4784709	0.2971994	0.003351745	2.775847	3.191707	4.954804	4.754613	Dist. Colon	WAS	WAS_CD
